#' @name Skye_SKL310.spct
#'
#' @title Skye Lux sensor SKL310
#'
#' @note
#' Spectral data digitized from figure in manufacturer's manual.
#' This is typical measured data, and for specific sensor units the
#' calibration data supplied with the sensor must be used as individual
#' may differ in their spectral response. Furthermore, the digigitizing
#' process from figures with a linear scale is prone to errors, which
#' are specially noticeable in regions of low responsivity.
#'
#' Manufacturer: Skye Instruments, Llandrindod Wells, Powys, UK
#' \url{http://www.skyeinstruments.com/}
#'
#' @references
#' Manufacturer's brochure dated 2007-10-09
#'
w.length,s.response
5.049215455524E2,5.801328524686E1
5.049040982457E2,5.782262986664E1
5.046074940313E2,5.742427211394E1
5.045725994179E2,5.713829384737E1
5.045725994179E2,5.695075451513E1
5.045725994179E2,5.676321518290E1
5.045629064697E2,5.653192201066E1
5.043632317371E2,5.618195854353E1
5.042236532833E2,5.582571067266E1
5.042236532833E2,5.563817134042E1
5.043283371236E2,5.541306649645E1
5.044756699360E2,5.526295390025E1
5.040491802160E2,5.353365935411E1
5.037002340814E2,5.301290891551E1
5.037002340814E2,5.282536958327E1
5.037002340814E2,5.263783025103E1
5.037002340814E2,5.238191720392E1
5.033512879468E2,5.197772766973E1
5.032204331464E2,5.170039779740E1
5.031768148796E2,5.151288248404E1
5.031768148796E2,5.132534315180E1
5.031768148796E2,5.111279857526E1
5.028627633584E2,5.067381690813E1
5.028278687450E2,5.038783864156E1
5.028278687450E2,5.020029930932E1
5.028278687450E2,5.001275997708E1
5.028278687450E2,4.980021540054E1
5.025138172239E2,4.936123373341E1
5.024789226104E2,4.907525546684E1
5.024789226104E2,4.888771613461E1
5.024789226104E2,4.870017680237E1
5.024789226104E2,4.848763222583E1
5.021648710893E2,4.804865055870E1
5.021299764758E2,4.776267229213E1
5.021299764758E2,4.757513295989E1
5.021299764758E2,4.738759362765E1
5.021202835276E2,4.715630045542E1
5.019206087951E2,4.680633698829E1
5.017810303412E2,4.645008911741E1
5.017810303412E2,4.626254978518E1
5.017810303412E2,4.607501045294E1
5.017713373931E2,4.584371728070E1
5.015716626605E2,4.549375381357E1
5.014320842067E2,4.513750594270E1
5.014320842067E2,4.494996661046E1
5.014320842067E2,4.476242727822E1
5.014320842067E2,4.457488794598E1
5.014320842067E2,4.436234336945E1
5.011180326856E2,4.392336170231E1
5.010831380721E2,4.363738343575E1
5.010831380721E2,4.344984410351E1
5.010831380721E2,4.326230477127E1
5.010831380721E2,4.304976019473E1
5.007690865510E2,4.261077852760E1
5.007341919375E2,4.232480026103E1
5.007341919375E2,4.213726092879E1
5.007341919375E2,4.194972159655E1
5.007341919375E2,4.173717702002E1
5.004201404164E2,4.129819535288E1
5.003852458029E2,4.101221708632E1
5.003852458029E2,4.082467775408E1
5.003852458029E2,4.063713842184E1
5.003852458029E2,4.042459384530E1
5.000711942818E2,3.998561217817E1
5.000362996684E2,3.969963391160E1
5.000362996684E2,3.951209457936E1
5.000362996684E2,3.932455524712E1
5.000362996684E2,3.911201067059E1
4.997222481473E2,3.867302900345E1
4.996873535338E2,3.838705073689E1
4.996873535338E2,3.819951140465E1
4.996873535338E2,3.801197207241E1
4.996776605856E2,3.778067890017E1
4.994779858531E2,3.743071543304E1
4.993384073992E2,3.707446756217E1
4.993384073992E2,3.688692822993E1
4.993384073992E2,3.669938889769E1
4.993384073992E2,3.648684432116E1
4.990243558781E2,3.604786265402E1
4.989894612646E2,3.576188438746E1
4.989894612646E2,3.557434505522E1
4.989894612646E2,3.538680572298E1
4.989894612646E2,3.517426114644E1
4.986754097435E2,3.473527947931E1
4.986405151301E2,3.444930121274E1
4.986405151301E2,3.426176188050E1
4.986405151301E2,3.407422254826E1
4.986405151301E2,3.386167797173E1
4.983264636090E2,3.342269630459E1
4.982915689955E2,3.313671803803E1
4.982915689955E2,3.294917870579E1
4.982915689955E2,3.276163937355E1
4.982915689955E2,3.254909479701E1
4.979775174744E2,3.211011312988E1
4.979426228609E2,3.182413486331E1
4.979426228609E2,3.163659553107E1
4.979329299127E2,3.140530235884E1
4.977332551802E2,3.105533889171E1
4.975936767263E2,3.069909102083E1
4.975936767263E2,3.051155168860E1
4.975936767263E2,3.032401235636E1
4.975839837782E2,3.009271918412E1
4.973843090456E2,2.974275571699E1
4.972447305918E2,2.938650784612E1
4.972447305918E2,2.919896851388E1
4.972447305918E2,2.901142918164E1
4.972447305918E2,2.879888460511E1
4.969306790707E2,2.835990293797E1
4.968957844572E2,2.807392467140E1
4.968957844572E2,2.788638533917E1
4.968957844572E2,2.769884600693E1
4.968957844572E2,2.748630143039E1
4.965817329361E2,2.704731976326E1
4.965468383226E2,2.676134149669E1
4.965468383226E2,2.657380216445E1
4.965468383226E2,2.638626283221E1
4.965468383226E2,2.617371825568E1
4.962327868015E2,2.573473658854E1
4.961978921880E2,2.544875832197E1
4.961978921880E2,2.526121898974E1
4.961978921880E2,2.507367965750E1
4.961978921880E2,2.486113508096E1
4.958838406669E2,2.442215341383E1
4.958489460535E2,2.413617514726E1
4.958489460535E2,2.394863581502E1
4.958392531053E2,2.371734264279E1
4.956395783727E2,2.336737917565E1
4.954999999189E2,2.301113130478E1
4.954999999189E2,2.282359197254E1
4.954999999189E2,2.263605264031E1
4.954903069707E2,2.240475946807E1
4.952906322382E2,2.205479600094E1
4.951510537843E2,2.169854813007E1
4.951510537843E2,2.151100879783E1
4.951510537843E2,2.132346946559E1
4.951510537843E2,2.111092488905E1
4.948370022632E2,2.067194322192E1
4.948021076497E2,2.038596495535E1
4.948021076497E2,2.019842562311E1
4.948021076497E2,2.001088629088E1
4.948021076497E2,1.979834171434E1
4.944880561286E2,1.935936004721E1
4.944531615152E2,1.907338178064E1
4.944531615152E2,1.888584244840E1
4.944531615152E2,1.869830311616E1
4.944531615152E2,1.848575853962E1
4.941391099941E2,1.804677687249E1
4.941042153806E2,1.776079860592E1
4.941042153806E2,1.757325927369E1
4.941042153806E2,1.738571994145E1
4.941042153806E2,1.717317536491E1
4.937901638595E2,1.673419369778E1
4.937552692460E2,1.644821543121E1
4.937552692460E2,1.626067609897E1
4.937455762978E2,1.602938292674E1
4.935459015653E2,1.567941945960E1
4.934063231114E2,1.532317158873E1
4.934063231114E2,1.513563225649E1
4.934063231114E2,1.494809292426E1
4.933966301633E2,1.471679975202E1
4.931969554307E2,1.436683628489E1
4.930573769769E2,1.401058841402E1
4.930573769769E2,1.382304908178E1
4.930573769769E2,1.363550974954E1
4.930573769769E2,1.342296517300E1
4.927433254558E2,1.298398350587E1
4.927084308423E2,1.269800523930E1
4.927084308423E2,1.251046590706E1
4.927084308423E2,1.232292657483E1
4.927084308423E2,1.211038199829E1
4.923943793212E2,1.167140033116E1
4.923594847077E2,1.138542206459E1
4.923594847077E2,1.119788273235E1
4.923594847077E2,1.101034340011E1
4.923594847077E2,1.079779882357E1
4.920454331866E2,1.035881715644E1
4.920105385731E2,1.007283888987E1
4.920105385731E2,9.885299557634E0
4.920105385731E2,9.697760225395E0
4.920105385731E2,9.485215648858E0
4.916964870520E2,9.046233981726E0
4.916615924386E2,8.760255715158E0
4.916615924386E2,8.572716382919E0
4.916518994904E2,8.341423210685E0
4.914522247578E2,7.991459743552E0
4.913126463040E2,7.635211872681E0
4.913126463040E2,7.447672540443E0
4.913126463040E2,7.260133208204E0
4.913029533558E2,7.028840035970E0
4.911032786233E2,6.678876568838E0
4.909637001694E2,6.322628697966E0
4.909637001694E2,6.135089365728E0
4.909637001694E2,5.947550033489E0
4.909637001694E2,5.735005456952E0
4.906496486483E2,5.296023789820E0
4.906147540348E2,5.010045523251E0
4.906147540348E2,4.822506191013E0
4.906064457935E2,4.582281811882E0
4.905565963458E2,4.384946440949E0
4.900477165662E2,3.994519718928E0
4.897366560119E2,3.861180864114E0
4.894864948664E2,3.768218735259E0
4.888496681708E2,3.596658356200E0
4.882593676265E2,3.417258218171E0
4.879540397587E2,3.323656684137E0
4.876545276599E2,3.192544081140E0
4.871049374979E2,3.035001114260E0
4.863692427309E2,2.799419239457E0
4.860406517875E2,2.707393343256E0
4.855114168167E2,2.574844411869E0
4.852119047178E2,2.443731808872E0
4.846623145559E2,2.286188841992E0
4.840720140116E2,2.106788703962E0
4.837666861438E2,2.013187169929E0
4.834671740450E2,1.882074566932E0
4.829175838830E2,1.724531600052E0
4.822196916139E2,1.537376569724E0
4.816293910695E2,1.357976431694E0
4.813240632018E2,1.264374897661E0
4.809896564895E2,1.137449050476E0
4.806576730142E2,1.058969529737E0
4.801261532771E2,9.728601673212E-1
4.798017856897E2,8.963858028001E-1
4.794891881108E2,8.010021830330E-1
4.789948477535E2,7.217934417945E-1
4.785761123920E2,7.032700897169E-1
4.782271662574E2,7.034622406720E-1
4.778782201229E2,7.036543916272E-1
4.775292739883E2,7.038465425824E-1
4.771803278537E2,7.040386935375E-1
4.768313817191E2,7.042308444927E-1
4.764824355846E2,7.044229954479E-1
4.761334894500E2,7.046151464030E-1
4.757845433154E2,7.048072973582E-1
4.754355971808E2,7.049994483133E-1
4.750866510463E2,7.051915992685E-1
4.747377049117E2,7.053837502237E-1
4.743887587771E2,7.055759011788E-1
4.740398126425E2,7.057680521340E-1
4.736908665080E2,7.059602030892E-1
4.733419203734E2,7.061523540443E-1
4.729929742388E2,7.063445049995E-1
4.726440281042E2,7.065366559546E-1
4.722950819697E2,7.067288069098E-1
4.719461358351E2,7.069209578650E-1
4.715971897005E2,7.071131088201E-1
4.712482435659E2,7.073052597753E-1
4.708992974314E2,7.074974107305E-1
4.705503512968E2,7.076895616856E-1
4.702014051622E2,7.078817126408E-1
4.698524590276E2,7.080738635959E-1
4.695035128931E2,7.082660145511E-1
4.691545667585E2,7.084581655063E-1
4.688056206239E2,7.086503164614E-1
4.684566744893E2,7.088424674166E-1
4.681077283548E2,7.090346183718E-1
4.677587822202E2,7.092267693269E-1
4.674098360856E2,7.094189202821E-1
4.670608899510E2,7.096110712372E-1
4.667119438165E2,7.098032221924E-1
4.663629976819E2,7.099953731476E-1
4.660140515473E2,7.101875241027E-1
4.656651054127E2,7.103796750579E-1
4.653161592782E2,7.105718260131E-1
4.649672131436E2,7.107639769682E-1
4.646182670090E2,7.109561279234E-1
4.642693208744E2,7.111482788785E-1
4.639203747399E2,7.113404298337E-1
4.635714286053E2,7.115325807889E-1
4.632224824707E2,7.117247317440E-1
4.628735363361E2,7.119168826992E-1
4.625245902016E2,7.121090336544E-1
4.621756440670E2,7.123011846095E-1
4.618266979324E2,7.124933355647E-1
4.614777517978E2,7.126854865198E-1
4.609310695203E2,7.129865230163E-1
4.605857582413E2,7.297817174409E-1
4.599905766052E2,7.804827485330E-1
4.596482770637E2,7.641499173442E-1
4.593162243531E2,6.982474772500E-1
4.586861827212E2,6.204530280418E-1
4.583372365867E2,6.206451789970E-1
4.579882904521E2,6.208373299522E-1
4.574366232298E2,5.939032560657E-1
4.563897848261E2,4.158708210849E-1
4.555456675101E2,3.408733882804E-1
4.551967213755E2,3.410655392356E-1
4.548477752409E2,3.178152736609E-1
4.544988291063E2,2.711225915564E-1
4.541498829718E2,2.478723259818E-1
4.538009368372E2,2.480644769369E-1
4.534519907026E2,2.482566278921E-1
4.531030445680E2,2.484487788473E-1
4.527540984335E2,2.251985132726E-1
4.524051522989E2,1.550634146383E-1
4.520562061643E2,1.552555655935E-1
4.517072600297E2,1.554477165486E-1
4.513583138952E2,1.556398675038E-1
4.510093677606E2,1.558320184590E-1
4.506604216260E2,1.560241694141E-1
4.503114754914E2,1.562163203693E-1
4.499625293569E2,1.564084713244E-1
4.496135832223E2,1.566006222796E-1
4.492646370877E2,1.567927732348E-1
4.489156909531E2,1.569849241899E-1
4.485667448186E2,2.275043247346E-1
4.482177986840E2,2.511388922195E-1
4.478688525494E2,2.513310431747E-1
4.475199064148E2,2.515231941299E-1
4.471709602803E2,2.517153450850E-1
4.468220141457E2,2.519074960402E-1
4.464730680111E2,2.520996469954E-1
4.461241218765E2,2.757342144803E-1
4.457751757420E2,3.228111984952E-1
4.452284934644E2,3.465546515214E-1
4.448831821854E2,3.633498459461E-1
4.444411837483E2,4.065710007940E-1
4.441118658338E2,4.357297748017E-1
4.436349727832E2,4.412018070026E-1
4.428178572514E2,6.104371595040E-1
4.422857143962E2,6.294841229345E-1
4.419367682616E2,6.296762738896E-1
4.415878221270E2,6.298684248448E-1
4.412388759925E2,6.535029923298E-1
4.408899298579E2,7.005799763446E-1
4.405409837233E2,7.242145438296E-1
4.401920375887E2,7.244066947848E-1
4.398430914542E2,7.245988457399E-1
4.394941453196E2,7.247909966951E-1
4.391451991850E2,7.249831476502E-1
4.387962530504E2,7.251752986054E-1
4.384473069159E2,7.253674495606E-1
4.380983607813E2,7.255596005157E-1
4.377494146467E2,7.257517514709E-1
4.374004685121E2,7.259439024261E-1
4.370515223776E2,7.261360533812E-1
4.367025762430E2,7.263282043364E-1
4.363536301084E2,7.265203552915E-1
4.360046839738E2,7.267125062467E-1
4.356557378393E2,7.269046572019E-1
4.353067917047E2,7.270968081570E-1
4.349578455701E2,7.272889591122E-1
4.346088994355E2,7.274811100674E-1
4.342599533010E2,7.276732610225E-1
4.339110071664E2,7.278654119777E-1
4.335620610318E2,7.280575629328E-1
4.332131148972E2,7.282497138880E-1
4.328641687627E2,7.284418648432E-1
4.325152226281E2,7.286340157983E-1
4.321662764935E2,7.288261667535E-1
4.318173303589E2,7.290183177087E-1
4.314683842244E2,7.292104686638E-1
4.311194380898E2,7.294026196190E-1
4.307704919552E2,7.295947705741E-1
4.304215458206E2,7.297869215293E-1
4.300725996861E2,7.299790724845E-1
4.297236535515E2,7.301712234396E-1
4.293747074169E2,7.303633743948E-1
4.290257612823E2,7.305555253500E-1
4.286768151478E2,7.307476763051E-1
4.283278690132E2,7.309398272603E-1
4.277695551979E2,7.312472687885E-1
4.269320844749E2,7.082660145511E-1
4.265831383403E2,6.615733324466E-1
4.262341922057E2,6.383230668720E-1
4.258852460712E2,6.150728012973E-1
4.255362999366E2,5.449377026630E-1
4.251873538020E2,5.451298536182E-1
4.248384076674E2,5.453220045733E-1
4.168126465722E2,9.248201410192E-1
4.164637004376E2,9.250122919744E-1
4.161147543031E2,9.252044429296E-1
4.157658081685E2,9.253965938847E-1
4.154168620339E2,9.255887448399E-1
4.150679158993E2,9.257808957950E-1
4.147189697648E2,9.259730467502E-1
4.142614626105E2,9.199736669279E-1
4.137419205880E2,8.514953365292E-1
4.133231852265E2,8.329719844516E-1
4.129742390919E2,8.331641354067E-1
4.126252929573E2,8.333562863619E-1
4.122763468227E2,8.335484373170E-1
4.117246796005E2,8.066143634306E-1
4.108805622844E2,7.405473750184E-1
4.105316161499E2,7.407395259736E-1
4.101826700153E2,7.409316769287E-1
4.098337238807E2,7.411238278839E-1
4.094847777461E2,7.413159788391E-1
4.091358316116E2,7.415081297942E-1
4.087868854770E2,7.417002807494E-1
4.084379393424E2,7.418924317045E-1
4.080889932078E2,7.420845826597E-1
4.077400470733E2,7.422767336149E-1
4.073911009387E2,7.424688845700E-1
4.070421548041E2,7.426610355252E-1
4.066932086695E2,7.428531864804E-1
4.063442625350E2,7.430453374355E-1
4.059953164004E2,7.432374883907E-1
4.056463702658E2,7.434296393458E-1
4.052974241312E2,7.436217903010E-1
4.049484779967E2,7.438139412562E-1
4.045995318621E2,7.440060922113E-1
4.042505857275E2,7.441982431665E-1
4.039016395929E2,7.443903941217E-1
4.035526934584E2,7.445825450768E-1
4.032037473238E2,7.447746960320E-1
4.028548011892E2,7.449668469871E-1
4.025058550546E2,7.451589979423E-1
4.021569089201E2,7.453511488975E-1
4.018079627855E2,7.455432998526E-1
4.014590166509E2,7.457354508078E-1
4.011100705163E2,7.459276017630E-1
4.007611243818E2,7.461197527181E-1
4.004121782472E2,7.463119036733E-1
4.000632321126E2,7.465040546284E-1
3.997142859780E2,7.466962055836E-1
3.993653398435E2,7.468883565388E-1
3.990163937089E2,7.470805074939E-1
3.986674475743E2,7.472726584491E-1
3.983185014397E2,7.474648094043E-1
3.979695553052E2,7.476569603594E-1
3.976206091706E2,7.478491113146E-1
3.972716630360E2,7.480412622697E-1
3.969227169014E2,7.482334132249E-1
3.965737707669E2,7.484255641801E-1
3.962248246323E2,7.486177151352E-1
3.958758784977E2,7.488098660904E-1
3.955269323631E2,7.490020170456E-1
3.951779862286E2,7.491941680007E-1
3.948290400940E2,7.493863189559E-1
3.944800939594E2,7.495784699110E-1
3.941311478248E2,7.497706208662E-1
3.937822016903E2,7.499627718214E-1
3.934332555557E2,7.501549227765E-1
3.930843094211E2,7.503470737317E-1
3.927353632865E2,7.505392246869E-1
3.923864171520E2,7.507313756420E-1
3.920374710174E2,7.509235265972E-1
3.916885248828E2,7.511156775523E-1
3.913395787482E2,7.513078285075E-1
3.909906326137E2,7.514999794627E-1
3.906416864791E2,7.516921304178E-1
3.902927403445E2,7.518842813730E-1
3.899437942099E2,7.520764323282E-1
3.895948480754E2,7.522685832833E-1
3.892459019408E2,7.524607342385E-1
3.888969558062E2,7.526528851936E-1
3.885480096716E2,7.528450361488E-1
3.881990635371E2,7.530371871040E-1
3.878501174025E2,7.532293380591E-1
3.875011712679E2,7.534214890143E-1
3.871522251333E2,7.536136399695E-1
3.868032789988E2,7.538057909246E-1
3.864543328642E2,7.539979418798E-1
3.861053867296E2,7.541900928349E-1
3.857564405950E2,7.543822437901E-1
3.854074944605E2,7.545743947453E-1
3.850585483259E2,7.547665457004E-1
3.847096021913E2,7.549586966556E-1
3.843606560567E2,7.551508476108E-1
3.840117099222E2,7.553429985659E-1
3.836627637876E2,7.555351495211E-1
3.833138176530E2,7.557273004762E-1
3.829648715184E2,7.559194514314E-1
3.826159253839E2,7.561116023866E-1
3.822669792493E2,7.563037533417E-1
3.819180331147E2,7.564959042969E-1
3.815690869801E2,7.566880552521E-1
3.812201408456E2,7.568802062072E-1
3.808711947110E2,7.570723571624E-1
3.805222485764E2,7.572645081175E-1
3.801733024418E2,7.574566590727E-1
3.798243563073E2,7.576488100279E-1
3.794754101727E2,7.578409609830E-1
3.791264640381E2,7.580331119382E-1
3.787775179035E2,7.582252628934E-1
3.784285717690E2,7.584174138485E-1
3.778702579536E2,7.587248553768E-1
3.770327872307E2,7.591860176692E-1
3.766838410961E2,7.593781686243E-1
3.763348949615E2,7.595703195795E-1
3.759859488269E2,7.597624705347E-1
3.756370026924E2,7.599546214898E-1
3.752880565578E2,7.601467724450E-1
3.749391104232E2,7.603389234001E-1
3.745901642886E2,7.605310743553E-1
3.742412181541E2,7.607232253105E-1
3.738922720195E2,7.609153762656E-1
3.735433258849E2,7.611075272208E-1
3.731943797503E2,7.612996781760E-1
3.728454336158E2,7.614918291311E-1
3.724964874812E2,7.616839800863E-1
3.721475413466E2,7.618761310414E-1
3.717985952120E2,7.620682819966E-1
3.714496490775E2,7.622604329518E-1
3.711007029429E2,7.624525839069E-1
3.707517568083E2,7.626447348621E-1
3.701057910473E2,8.087689703909E-1
3.693908668835E2,7.821480568111E-1
3.688674476816E2,6.831967199342E-1
3.683091338663E2,6.702201254289E-1
3.679601877317E2,6.704122763841E-1
3.675647154459E2,6.518761142427E-1
3.667118744765E2,4.947233968029E-1
3.663068477131E2,4.614572626904E-1
3.658610274850E2,4.208459753159E-1
3.655175647897E2,3.943554041340E-1
3.648196725205E2,3.673902200929E-1
3.644707263860E2,3.206975379884E-1
3.641217802514E2,2.974472724137E-1
3.637728341168E2,2.976394233689E-1
3.634238879822E2,2.978315743240E-1
3.630749418477E2,2.980237252792E-1
3.627259957131E2,2.747734597045E-1
3.623770495785E2,2.046383610702E-1
3.620281034439E2,2.048305120254E-1
3.616791573094E2,2.050226629805E-1
3.613302111748E2,2.052148139357E-1
3.609812650402E2,2.054069648909E-1
3.606323189056E2,2.055991158460E-1
3.602833727711E2,2.057912668012E-1
3.599344266365E2,2.059834177564E-1
3.595854805019E2,2.061755687115E-1
3.592365343673E2,2.063677196667E-1
3.588875882328E2,2.065598706218E-1
3.585386420982E2,2.067520215770E-1
3.581896959636E2,2.069441725322E-1
3.578407498290E2,2.071363234873E-1
3.574918036945E2,2.073284744425E-1
3.571428575599E2,2.075206253977E-1
3.567939114253E2,2.077127763528E-1
3.564449652907E2,2.079049273080E-1
3.560960191562E2,2.080970782631E-1
3.557470730216E2,2.082892292183E-1
3.553981268870E2,2.084813801735E-1
3.550491807524E2,2.086735311286E-1
3.547002346179E2,2.088656820838E-1
3.543512884833E2,2.090578330390E-1
3.540023423487E2,2.092499839941E-1
3.536533962141E2,2.094421349493E-1
3.533044500796E2,2.096342859044E-1
3.529555039450E2,2.098264368596E-1
3.526065578104E2,2.100185878148E-1
3.522576116758E2,2.102107387699E-1
3.519086655413E2,2.104028897251E-1
3.515597194067E2,2.105950406803E-1
3.512107732721E2,2.107871916354E-1
3.508618271375E2,2.109793425906E-1
5.056194378216E2,6.285766702778E1
5.059683839562E2,6.304501420907E1
5.061428570234E2,6.370130579642E1
5.061428570234E2,6.388884512866E1
5.061573964457E2,6.413628485241E1
5.063173300907E2,6.435759738378E1
5.064918031580E2,6.463881030666E1
5.064918031580E2,6.482634963890E1
5.066226579585E2,6.501381691453E1
5.066759691735E2,6.524508606790E1
5.068756439060E2,6.559504953503E1
5.070152223599E2,6.595129740590E1
5.070152223599E2,6.613883673814E1
5.070152223599E2,6.632637607038E1
5.070152223599E2,6.655142326906E1
5.072405834051E2,6.701054727445E1
5.073641684945E2,6.745141991285E1
5.073641684945E2,6.763895924509E1
5.073641684945E2,6.782649857733E1
5.074077867613E2,6.801401389070E1
5.076040689620E2,6.834209963720E1
5.077131146290E2,6.876400308757E1
5.077131146290E2,6.895154241981E1
5.077131146290E2,6.913908175205E1
5.077567328958E2,6.932659706541E1
5.079530150965E2,6.965468281192E1
5.080620607636E2,7.007658626228E1
5.080620607636E2,7.026412559452E1
5.080620607636E2,7.045166492676E1
5.081056790304E2,7.063918024013E1
5.083019612311E2,7.096726598663E1
5.084110068982E2,7.138916943700E1
5.084110068982E2,7.157670876924E1
5.084110068982E2,7.176424810148E1
5.084546251650E2,7.195176341484E1
5.086509073657E2,7.227984916135E1
5.087599530328E2,7.270175261171E1
5.087599530328E2,7.288929194395E1
5.087599530328E2,7.307683127619E1
5.088035712996E2,7.326434658956E1
5.089998535003E2,7.359243233606E1
5.091088991673E2,7.401433578643E1
5.091088991673E2,7.420187511867E1
5.091088991673E2,7.438941445091E1
5.091088991673E2,7.457695378314E1
5.091612410875E2,7.480301404437E1
5.092833722346E2,7.495193637214E1
5.094055033817E2,7.510085869992E1
5.094578453019E2,7.532691896114E1
5.094578453019E2,7.551445829338E1
5.094578453019E2,7.570199762562E1
5.094578453019E2,7.588953695786E1
5.095014635687E2,7.607705227123E1
5.096977457694E2,7.640513801773E1
5.098067914365E2,7.682704146810E1
5.098067914365E2,7.701458080034E1
5.098067914365E2,7.720212013257E1
5.098504097033E2,7.738963544594E1
5.100466919040E2,7.771772119245E1
5.101557375711E2,7.813962464281E1
5.101557375711E2,7.832716397505E1
5.101993558379E2,7.851467928842E1
5.103956380386E2,7.884276503492E1
5.105570256258E2,7.930318941427E1
5.106791567729E2,7.945211174205E1
5.108012879200E2,7.960103406983E1
5.109059717604E2,7.986561526003E1
5.110281029075E2,8.001453758781E1
5.111502340546E2,8.016345991559E1
5.112549178950E2,8.042804110579E1
5.113770490421E2,8.057696343357E1
5.114991801892E2,8.072588576135E1
5.116038640295E2,8.099046695155E1
5.117259951766E2,8.113938927933E1
5.118481263237E2,8.128831160711E1
5.119528101641E2,8.155289279731E1
5.120749413112E2,8.170181512509E1
5.121970724583E2,8.185073745287E1
5.122494143785E2,8.207679771409E1
5.123017562987E2,8.230285797531E1
5.124238874458E2,8.245178030309E1
5.125460185929E2,8.260070263087E1
5.126507024333E2,8.286528382107E1
5.127728335804E2,8.301420614885E1
5.128949647275E2,8.316312847663E1
5.129996485678E2,8.342770966683E1
5.131217797149E2,8.357663199461E1
5.132439108620E2,8.372555432239E1
5.133485947024E2,8.399013551259E1
5.134707258495E2,8.413905784037E1
5.135928569966E2,8.428798016815E1
5.136975408370E2,8.455256135836E1
5.138196719841E2,8.470148368613E1
5.139418031312E2,8.485040601391E1
5.139941450514E2,8.507646627513E1
5.140464869716E2,8.530252653635E1
5.141686181187E2,8.545144886413E1
5.142907492658E2,8.560037119191E1
5.143954331061E2,8.586495238212E1
5.145175642532E2,8.601387470989E1
5.146396954003E2,8.616279703767E1
5.147443792407E2,8.642737822788E1
5.148665103878E2,8.657630055565E1
5.149886415349E2,8.672522288343E1
5.150933253753E2,8.698980407364E1
5.152154565224E2,8.713872640141E1
5.153375876695E2,8.728764872919E1
5.154422715099E2,8.755222991940E1
5.155644026570E2,8.770115224717E1
5.156865338041E2,8.785007457495E1
5.157824939911E2,8.807611081730E1
5.159787761918E2,8.840419656381E1
5.161401637790E2,8.886462094316E1
5.162622949261E2,8.901354327093E1
5.163844260732E2,8.916246559871E1
5.164891099136E2,8.942704678892E1
5.166112410607E2,8.957596911669E1
5.167333722078E2,8.972489144447E1
5.168380560482E2,8.998947263468E1
5.169601871953E2,9.013839496246E1
5.170823183424E2,9.028731729023E1
5.171870021827E2,9.055189848044E1
5.173091333298E2,9.070082080822E1
5.174312644769E2,9.084974313599E1
5.175359483173E2,9.111432432620E1
5.176580794644E2,9.126324665398E1
5.177802106115E2,9.141216898175E1
5.178325525317E2,9.163822924298E1
5.178848944519E2,9.186428950420E1
5.180070255990E2,9.201321183198E1
5.181291567461E2,9.216213415975E1
5.182338405865E2,9.242671534996E1
5.183559717336E2,9.257563767774E1
5.184781028807E2,9.272456000551E1
5.185827867210E2,9.298914119572E1
5.187049178681E2,9.313806352350E1
5.188270490152E2,9.328698585127E1
5.189317328556E2,9.355156704148E1
5.191701793809E2,9.384107981812E1
5.193120841423E2,9.412043528177E1
5.198341463314E2,9.441635575901E1
5.199792982305E2,9.459040089010E1
5.201821231712E2,9.476259096385E1
5.206241216083E2,9.501240001563E1
5.209730677429E2,9.519974719691E1
5.213220138775E2,9.538709437820E1
5.216709600120E2,9.557444155948E1
5.220199061466E2,9.576178874076E1
5.223688522812E2,9.594913592205E1
5.227177984158E2,9.613648310333E1
5.230667445503E2,9.632383028461E1
5.234156906849E2,9.651117746590E1
5.237646368195E2,9.669852464718E1
5.241135829541E2,9.688587182846E1
5.244625290886E2,9.707321900975E1
5.248114752232E2,9.726056619103E1
5.251604213578E2,9.744791337231E1
5.255093674924E2,9.763526055360E1
5.258583136269E2,9.782260773488E1
5.262072597615E2,9.800995491616E1
5.265562058961E2,9.819730209745E1
5.269051520307E2,9.838464927873E1
5.272540981652E2,9.857199646001E1
5.276030442998E2,9.875934364130E1
5.279519904344E2,9.894669082258E1
5.283009365690E2,9.913403800386E1
5.286498827035E2,9.932138518515E1
5.291384072919E2,9.953991206142E1
5.295222480400E2,9.965222429472E1
5.298711941745E2,9.969579132128E1
5.323138171166E2,9.969444626460E1
5.326627632511E2,9.969425411364E1
5.330117093857E2,9.969406196269E1
5.333606555203E2,9.969386981173E1
5.337096016549E2,9.969367766078E1
5.340585477894E2,9.969348550982E1
5.344074939240E2,9.962296610928E1
5.347564400586E2,9.959933154179E1
5.351053861932E2,9.959913939084E1
5.354543323277E2,9.959894723988E1
5.358032784623E2,9.962219750546E1
5.361522245969E2,9.969233260409E1
5.365728985480E2,9.958791243753E1
5.371589065010E2,9.945660989484E1
5.375189302906E2,9.945976056050E1
6.576645738862E2,5.605076824090E0
6.568061663951E2,5.918740200278E0
6.557593279914E2,6.294395317621E0
6.549683834197E2,6.607396413517E0
6.543786644523E2,6.834018609532E0
6.539564396294E2,6.983032315764E0
6.533318260486E2,7.209673726875E0
6.529096012257E2,7.358687433107E0
6.522849876448E2,7.585328844218E0
6.518627628220E2,7.734342550450E0
6.512381492411E2,7.960983961560E0
6.508159244183E2,8.109997667792E0
6.504320836702E2,8.297748366081E0
6.500831375357E2,8.485479849275E0
6.494934185682E2,8.712102045291E0
6.490711937454E2,8.861115751522E0
6.486873529974E2,9.048866449812E0
6.483384068628E2,9.236597933005E0
6.479894607282E2,9.424329416199E0
6.476405145936E2,9.612060899393E0
6.470507956262E2,9.838683095408E0
6.466285708034E2,9.987696801640E0
6.462447300553E2,1.017544749993E1
6.458957839208E2,1.036317898312E1
6.455468377862E2,1.055091046632E1
6.451978916516E2,1.073864194951E1
6.445930516850E2,1.098902745415E1
6.438021071133E2,1.130202855005E1
6.434531609787E2,1.148976003324E1
6.431042148442E2,1.167749151643E1
6.427552687096E2,1.186522299963E1
6.421504287430E2,1.211560850427E1
6.413594841713E2,1.242860960016E1
6.410105380367E2,1.261634108336E1
6.406615919021E2,1.280407256655E1
6.403126457676E2,1.299180404975E1
6.399636996330E2,1.317953553294E1
6.396147534984E2,1.336726701613E1
6.392658073638E2,1.355499849933E1
6.389168612293E2,1.374272998252E1
6.386115333615E2,1.390699503032E1
6.382909391004E2,1.416386603001E1
6.378700228255E2,1.449346376434E1
6.375210766910E2,1.468119524753E1
6.371721305564E2,1.486892673073E1
6.368231844218E2,1.505665821392E1
6.364742382872E2,1.524438969712E1
6.361689104195E2,1.540865474491E1
6.358461352450E2,1.563075402769E1
6.356018729508E2,1.583093048775E1
6.353837816167E2,1.599514749780E1
6.350784537489E2,1.618285496213E1
6.347295076144E2,1.637058644532E1
6.343805614798E2,1.655831792852E1
6.340316153452E2,1.674604941171E1
6.337262874775E2,1.691031445951E1
6.334035123030E2,1.713241374229E1
6.331592500088E2,1.733259020234E1
6.329411586747E2,1.749680721240E1
6.326358308069E2,1.768451467672E1
6.322868846723E2,1.787224615992E1
6.319379385378E2,1.805997764311E1
6.315889924032E2,1.824770912631E1
6.312836645354E2,1.841197417410E1
6.309608893609E2,1.863407345688E1
6.307166270667E2,1.883424991694E1
6.304985357326E2,1.899846692699E1
6.301932078649E2,1.918617439132E1
6.298878799971E2,1.935043943911E1
6.295651048226E2,1.957253872190E1
6.293208425284E2,1.977271518195E1
6.290765802342E2,1.993382094779E1
6.287828839043E2,2.022935712312E1
6.284339377697E2,2.060462793855E1
6.279948472171E2,2.100026515398E1
6.278087426119E2,2.118790696672E1
6.275761118556E2,2.143808751035E1
6.274210246846E2,2.161737716158E1
6.272271657210E2,2.183680074231E1
6.269829034268E2,2.199790650815E1
6.266892070969E2,2.229344268348E1
6.263402609623E2,2.266871349891E1
6.259011704096E2,2.306435071433E1
6.257150658045E2,2.325199252708E1
6.254824350481E2,2.350217307070E1
6.253273478772E2,2.368146272193E1
6.251334889135E2,2.390088630266E1
6.248892266193E2,2.406199206850E1
6.245955302894E2,2.435752824383E1
6.242465841548E2,2.473279905927E1
6.238976380203E2,2.510806987470E1
6.234585474676E2,2.550370709012E1
6.232869822847E2,2.568040110220E1
6.230398121061E2,2.596497186302E1
6.227955498119E2,2.612607762886E1
6.225018534820E2,2.642161380419E1
6.221529073474E2,2.679688461962E1
6.218039612128E2,2.717215543505E1
6.213648706601E2,2.756779265047E1
6.211933054773E2,2.774448666255E1
6.209461352986E2,2.802905742337E1
6.207018730044E2,2.819016318921E1
6.204081766745E2,2.848569936454E1
6.200592305399E2,2.886097017998E1
6.197248238276E2,2.917840836168E1
6.195503507603E2,2.934260135287E1
6.193060884661E2,2.950370711871E1
6.190123921362E2,2.979924329403E1
6.185733015835E2,3.019488050946E1
6.184017364007E2,3.037157452153E1
6.181545662220E2,3.065614528236E1
6.179103039278E2,3.081725104820E1
6.176166075979E2,3.111278722353E1
6.172822008856E2,3.143022540523E1
6.171077278183E2,3.159441839641E1
6.168634655241E2,3.175552416225E1
6.165697691942E2,3.205106033758E1
6.162208230596E2,3.242633115302E1
6.158864163473E2,3.274376933472E1
6.157119432800E2,3.290796232590E1
6.154676809858E2,3.306906809175E1
6.151739846559E2,3.336460426707E1
6.147348941032E2,3.376024148250E1
6.145633289204E2,3.393693549457E1
6.143161587417E2,3.422150625540E1
6.140718964475E2,3.438261202124E1
6.137782001176E2,3.467814819657E1
6.134437934053E2,3.499558637827E1
6.132693203380E2,3.515977936945E1
6.130250580438E2,3.532088513529E1
6.127313617139E2,3.561642131062E1
6.122922711612E2,3.601205852605E1
6.121207059783E2,3.618875253812E1
6.118735357997E2,3.647332329894E1
6.116292735055E2,3.663442906478E1
6.113355771756E2,3.692996524011E1
6.110011704632E2,3.724740342182E1
6.108266973960E2,3.741159641300E1
6.105824351018E2,3.757270217884E1
6.102887387718E2,3.786823835417E1
6.098496482192E2,3.826387556959E1
6.096635436140E2,3.845151738234E1
6.094309128577E2,3.870169792596E1
6.092813645143E2,3.890271527520E1
6.090819667231E2,3.923771674046E1
6.088881077594E2,3.949070390803E1
6.085779334176E2,3.980656591815E1
6.083840744539E2,4.001504970450E1
6.082345261105E2,4.021606705374E1
6.080351283194E2,4.055106851899E1
6.078412693557E2,4.080405568657E1
6.075310950139E2,4.111991769668E1
6.073372360502E2,4.132840148304E1
6.071876877068E2,4.152941883227E1
6.069882899156E2,4.186442029753E1
6.067944309520E2,4.211740746510E1
6.064842566101E2,4.243326947522E1
6.062903976465E2,4.264175326157E1
6.061408493031E2,4.284277061081E1
6.059414515119E2,4.317777207607E1
6.057475925483E2,4.343075924364E1
6.054374182064E2,4.374662125376E1
6.052435592428E2,4.395510504011E1
6.050940108994E2,4.415612238934E1
6.048946131082E2,4.449112385460E1
6.047007541445E2,4.474411102217E1
6.043905798027E2,4.505997303229E1
6.041967208390E2,4.526845681864E1
6.040471724956E2,4.546947416788E1
6.038477747045E2,4.580447563314E1
6.036539157408E2,4.605746280071E1
6.033437413990E2,4.637332481083E1
6.031498824353E2,4.658180859718E1
6.030003340919E2,4.678282594641E1
6.028009363007E2,4.711782741167E1
6.026070773371E2,4.737081457924E1
6.022969029952E2,4.768667658936E1
6.021030440316E2,4.789516037571E1
6.019534956882E2,4.809617772495E1
6.017540978970E2,4.843117919021E1
6.015602389334E2,4.868416635778E1
6.012500645915E2,4.900002836790E1
6.010562056279E2,4.920851215425E1
6.008979336311E2,4.942259508218E1
6.005182470037E2,4.987613584419E1
6.001693008691E2,5.025140665962E1
5.998203547346E2,5.062667747505E1
5.994714086000E2,5.100194829048E1
5.991224624654E2,5.137721910592E1
5.987735163308E2,5.175248992135E1
5.984245701963E2,5.212776073678E1
5.980756240617E2,5.250303155221E1
5.977266779271E2,5.287830236765E1
5.973777317925E2,5.325357318308E1
5.970287856580E2,5.362884399851E1
5.966798395234E2,5.400411481394E1
5.963308933888E2,5.437938562938E1
5.959819472542E2,5.475465644481E1
5.956330011197E2,5.512992726024E1
5.952840549851E2,5.550519807567E1
5.949351088505E2,5.588046889110E1
5.945861627159E2,5.625573970654E1
5.942372165814E2,5.663101052197E1
5.938882704468E2,5.700628133740E1
5.935393243122E2,5.738155215283E1
5.931903781776E2,5.775682296827E1
5.928414320431E2,5.813209378370E1
5.924924859085E2,5.850736459913E1
5.921435397739E2,5.888263541456E1
5.917945936393E2,5.925790623000E1
5.914456475048E2,5.963317704543E1
5.910967013702E2,6.000844786086E1
5.907477552356E2,6.038371867629E1
5.903988091010E2,6.075898949173E1
5.900062446996E2,6.119523460900E1
5.896960703578E2,6.163091341472E1
5.893914348435E2,6.198100574499E1
5.891920370523E2,6.231600721025E1
5.889981780887E2,6.256899437782E1
5.886935425743E2,6.291908670809E1
5.884941447832E2,6.325408817335E1
5.883002858195E2,6.350707534093E1
5.879956503052E2,6.385716767120E1
5.877962525140E2,6.419216913646E1
5.876023935504E2,6.444515630403E1
5.872977580360E2,6.479524863430E1
5.870983602449E2,6.513025009956E1
5.869045012812E2,6.538323726713E1
5.865998657669E2,6.573332959740E1
5.864004679757E2,6.606833106266E1
5.862066090121E2,6.632131823023E1
5.859019734977E2,6.667141056051E1
5.857025757066E2,6.700641202577E1
5.855087167429E2,6.725939919334E1
5.852040812286E2,6.760949152361E1
5.850046834374E2,6.794449298887E1
5.848108244738E2,6.819748015644E1
5.846630070140E2,6.834655113433E1
5.845336061557E2,6.849561197092E1
5.844289223154E2,6.876030845170E1
5.841517039973E2,6.907615231423E1
5.839055031135E2,6.934613614879E1
5.837310300462E2,6.969838941481E1
5.834538117282E2,7.001423327733E1
5.832076108443E2,7.028421711189E1
5.830331377771E2,7.063647037791E1
5.827559194590E2,7.095231424044E1
5.825097185752E2,7.122229807500E1
5.823352455079E2,7.157455134101E1
5.820580271899E2,7.189039520354E1
5.818118263060E2,7.216037903810E1
5.816373532388E2,7.251263230412E1
5.813601349207E2,7.282847616664E1
5.811139340369E2,7.309846000120E1
5.809438227963E2,7.346021806759E1
5.804102259988E2,7.385004671976E1
5.799885827529E2,7.413940203937E1
5.796679884917E2,7.439627303906E1
5.792470722169E2,7.472587077339E1
5.788981260823E2,7.491360225659E1
5.785491799478E2,7.510133373978E1
5.782002338132E2,7.528906522298E1
5.778512876786E2,7.547679670617E1
5.775459598109E2,7.564106175396E1
5.772253655497E2,7.589793275366E1
5.768044492749E2,7.622753048799E1
5.764555031403E2,7.641526197118E1
5.761065570057E2,7.660299345438E1
5.757576108712E2,7.679072493757E1
5.754086647366E2,7.697845642076E1
5.751033368688E2,7.714272146856E1
5.747827426077E2,7.739959246825E1
5.743618263329E2,7.772919020258E1
5.740128801983E2,7.791692168578E1
5.736639340637E2,7.810465316897E1
5.733149879291E2,7.829238465217E1
5.729660417946E2,7.848011613536E1
5.726607139268E2,7.864438118315E1
5.723379387523E2,7.886648046594E1
5.720936764581E2,7.906665692599E1
5.718755851240E2,7.923087393605E1
5.715702572563E2,7.941858140037E1
5.712213111217E2,7.960631288357E1
5.708723649871E2,7.979404436676E1
5.705670371194E2,7.995830941456E1
5.702442619449E2,8.018040869734E1
5.699999996507E2,8.038058515739E1
5.697557373565E2,8.054169092323E1
5.694765804488E2,8.077939446483E1
5.693021073815E2,8.094358745602E1
5.690307048324E2,8.113388095195E1
5.687874118330E2,8.138458830944E1
5.683861237783E2,8.177239056966E1
5.678219941940E2,8.224154954431E1
5.673392853745E2,8.271066368372E1
5.667751557903E2,8.317982265836E1
5.662924469708E2,8.364893679778E1
5.657283173866E2,8.411809577242E1
5.652456085671E2,8.458720991184E1
5.646814789829E2,8.505636888648E1
5.641987701634E2,8.552548302590E1
5.636346405791E2,8.599464200054E1
5.631519317596E2,8.646375613996E1
5.626721308246E2,8.685003880638E1
5.624243790691E2,8.704896692573E1
5.618899099063E2,8.749591741322E1
5.614072010868E2,8.796503155264E1
5.609274001517E2,8.833256028584E1
5.606220722840E2,8.852026775016E1
5.603603626830E2,8.870795119562E1
5.600550348153E2,8.889565865994E1
5.597060886807E2,8.908339014314E1
5.593571425461E2,8.927112162633E1
5.590081964116E2,8.945885310952E1
5.586592502770E2,8.964658459272E1
5.583103041424E2,8.983431607591E1
5.579613580078E2,9.002204755910E1
5.576124118733E2,9.020977904230E1
5.572634657387E2,9.039751052549E1
5.569145196041E2,9.058524200869E1
5.565655734695E2,9.077297349188E1
5.562166273350E2,9.096070497507E1
5.558676812004E2,9.114843645827E1
5.555187350658E2,9.133616794146E1
5.551697889312E2,9.152389942465E1
5.548208427967E2,9.171163090785E1
5.544718966621E2,9.189936239104E1
5.541229505275E2,9.208709387424E1
5.537740043929E2,9.227482535743E1
5.534250582584E2,9.246255684062E1
5.530761121238E2,9.265028832382E1
5.527271659892E2,9.283801980701E1
5.523782198546E2,9.302575129020E1
5.520292737201E2,9.321348277340E1
5.516803275855E2,9.340121425659E1
5.513313814509E2,9.358894573979E1
5.509824353163E2,9.377667722298E1
5.506334891818E2,9.396440870617E1
5.501798592068E2,9.418970570110E1
5.498163736500E2,9.435556560182E1
5.494121777107E2,9.452769923123E1
5.490632315762E2,9.471543071443E1
5.487142854416E2,9.490316219762E1
5.483653393070E2,9.509089368081E1
5.480163931724E2,9.527862516401E1
5.475482237752E2,9.546173381547E1
5.469259365019E2,9.567774671675E1
5.466206086341E2,9.584201176454E1
5.462716624996E2,9.602974324774E1
5.459227163650E2,9.621747473093E1
5.455737702304E2,9.640520621412E1
5.452248240958E2,9.656949528079E1
5.449194962281E2,9.668687549552E1
5.446025368225E2,9.679957363198E1
5.441343674253E2,9.699205925006E1
5.438290395575E2,9.715632429786E1
5.434800934230E2,9.734405578105E1
5.431311472884E2,9.753178726424E1
5.427822011538E2,9.769607633091E1
5.424768732861E2,9.781345654564E1
5.421715454183E2,9.790739434385E1
5.418225992837E2,9.802219386450E1
7.493583128223E2,-8.457048204974E-3
7.490093666877E2,-8.264897249811E-3
7.486604205531E2,-8.072746294649E-3
7.483114744185E2,-7.880595339486E-3
7.479625282840E2,-7.688444384324E-3
7.476135821494E2,-7.496293429162E-3
7.472646360148E2,-7.304142473999E-3
7.469156898802E2,-7.111991518837E-3
7.465667437457E2,-6.919840563674E-3
7.462177976111E2,-6.727689608512E-3
7.458688514765E2,-6.535538653349E-3
7.455199053419E2,-6.343387698187E-3
7.451709592074E2,-6.151236743024E-3
7.448220130728E2,-5.959085787862E-3
7.444730669382E2,-5.766934832699E-3
7.441241208036E2,-5.574783877537E-3
7.437751746691E2,-5.382632922374E-3
7.434262285345E2,-5.190481967212E-3
7.430772823999E2,-4.998331012049E-3
7.427283362653E2,-4.806180056887E-3
7.423793901308E2,-4.614029101724E-3
7.420304439962E2,-4.421878146562E-3
7.416814978616E2,-4.229727191399E-3
7.413325517270E2,-4.037576236237E-3
7.409836055925E2,-3.845425281074E-3
7.406346594579E2,-3.653274325912E-3
7.402857133233E2,-3.461123370749E-3
7.399367671887E2,-3.268972415587E-3
7.395878210542E2,-3.076821460424E-3
7.392388749196E2,-2.884670505262E-3
7.388899287850E2,-2.692519550099E-3
7.385409826504E2,-2.500368594937E-3
7.381920365159E2,-2.308217639774E-3
7.378430903813E2,-2.116066684612E-3
7.374941442467E2,-1.923915729449E-3
7.371451981121E2,-1.731764774287E-3
7.367962519776E2,-1.539613819124E-3
7.364473058430E2,-1.347462863962E-3
7.360983597084E2,-1.155311908799E-3
7.357494135738E2,-9.631609536370E-4
7.354004674393E2,-7.710099984745E-4
7.350515213047E2,-5.788590433120E-4
7.347025751701E2,-3.867080881495E-4
7.343536290355E2,-1.945571329870E-4
7.340046829010E2,-2.406177824543E-6
7.336557367664E2,1.897447773380E-4
7.333067906318E2,3.818957325004E-4
7.329578444972E2,5.740466876629E-4
7.326088983627E2,7.661976428254E-4
7.322599522281E2,9.583485979879E-4
7.319110060935E2,1.150499553150E-3
7.315620599589E2,1.342650508313E-3
7.312131138244E2,1.534801463475E-3
7.308641676898E2,1.726952418638E-3
7.305152215552E2,1.919103373800E-3
7.301662754206E2,2.111254328963E-3
7.298173292861E2,2.303405284125E-3
7.294683831515E2,2.495556239288E-3
7.291194370169E2,2.687707194450E-3
7.287704908823E2,2.879858149613E-3
7.284215447478E2,3.072009104775E-3
7.280725986132E2,3.264160059938E-3
7.277236524786E2,3.456311015100E-3
7.273747063440E2,3.648461970263E-3
7.270257602095E2,3.840612925425E-3
7.266768140749E2,4.032763880588E-3
7.263278679403E2,4.224914835750E-3
7.259789218057E2,4.417065790913E-3
7.256299756712E2,4.609216746075E-3
7.252810295366E2,4.801367701238E-3
7.249320834020E2,4.993518656400E-3
7.245831372674E2,5.185669611563E-3
7.242341911329E2,5.377820566725E-3
7.238852449983E2,5.569971521888E-3
7.235362988637E2,5.762122477050E-3
7.231873527291E2,5.954273432213E-3
7.228384065946E2,6.146424387375E-3
7.224894604600E2,6.338575342538E-3
7.221405143254E2,6.530726297700E-3
7.217915681908E2,6.722877252862E-3
7.214426220563E2,6.915028208025E-3
7.210936759217E2,7.107179163187E-3
7.207447297871E2,7.299330118350E-3
7.203957836525E2,7.491481073512E-3
7.200468375180E2,7.683632028675E-3
7.196978913834E2,7.875782983837E-3
7.193489452488E2,8.067933939000E-3
7.189999991142E2,8.260084894162E-3
7.186510529797E2,8.452235849325E-3
7.183021068451E2,8.644386804487E-3
7.179531607105E2,8.836537759650E-3
7.176042145759E2,9.028688714812E-3
7.172552684414E2,9.220839669975E-3
7.169063223068E2,9.412990625137E-3
7.165573761722E2,9.605141580300E-3
7.162084300376E2,9.797292535462E-3
7.158594839031E2,9.989443490625E-3
7.155105377685E2,1.018159444579E-2
7.151615916339E2,1.037374540095E-2
7.148126454993E2,1.056589635611E-2
7.144636993648E2,1.075804731127E-2
7.141147532302E2,1.095019826644E-2
7.137658070956E2,1.114234922160E-2
7.134168609610E2,1.133450017676E-2
7.130679148265E2,1.152665113192E-2
7.127189686919E2,1.171880208709E-2
7.123700225573E2,1.191095304225E-2
7.120210764227E2,1.210310399741E-2
7.116721302882E2,1.229525495257E-2
7.113231841536E2,1.248740590774E-2
7.109742380190E2,1.267955686290E-2
7.105671341953E2,4.416028835035E-2
7.102763457499E2,1.068335248925E-1
7.099273996153E2,1.070256758477E-1
7.095784534807E2,1.072178268028E-1
7.092295073461E2,1.074099777580E-1
6.860354939636E2,1.339187671110E0
6.631147540984E2,4.232866324836E0
6.680327868852E2,3.128836571098E0
6.737704918033E2,2.024355456055E0
6.803278688525E2,9.194229797068E-1
6.872950819672E2,9.155864086084E-1
6.979508196721E2,2.489257600924E-1
7.053278688525E2,2.459919116054E-2
